,Sales,CompPrice,Income,Advertising,Population,Price,Age,Education
Sales,1.0,0.0640787295506214,0.1519509794675443,0.269506781376902,0.0504709844720391,-0.4449507278465726,-0.2318154396045765,-0.05195524196813405
CompPrice,0.0640787295506214,1.0,-0.08065342338168761,-0.024198788140759823,-0.09470651579131618,0.5848477667459833,-0.10023881743756928,0.025197049558037067
Income,0.1519509794675443,-0.08065342338168761,1.0,0.05899470570740824,-0.007876993707947637,-0.05669820182184442,-0.004670094161317822,-0.05685542248216879
Advertising,0.269506781376902,-0.024198788140759823,0.05899470570740824,1.0,0.2656521454469749,0.04453687440082652,-0.0045574970267092015,-0.03359430669077806
Population,0.0504709844720391,-0.09470651579131618,-0.007876993707947637,0.2656521454469749,1.0,-0.012143620068363867,-0.042663354532243236,-0.1063782308688023
Price,-0.4449507278465726,0.5848477667459833,-0.05669820182184442,0.04453687440082652,-0.012143620068363867,1.0,-0.10217683928917445,0.011746599316265791
Age,-0.2318154396045765,-0.10023881743756928,-0.004670094161317822,-0.0045574970267092015,-0.042663354532243236,-0.10217683928917445,1.0,0.00648803211401333
Education,-0.05195524196813405,0.025197049558037067,-0.05685542248216879,-0.03359430669077806,-0.1063782308688023,0.011746599316265791,0.00648803211401333,1.0
